OFF @ 24.5
BF96F758
uint16_t rawData[439] = {3506, 1748,  426, 440,  424, 1308,  420, 446,  420, 446,  428, 438,  426, 440,  424, 442,  424, 442,  422, 444,  420, 446,  450, 442,  422, 444,  420, 444,  420, 1312,  428, 438,  426, 440,  424, 442,  424, 442,  422, 444,  420, 446,  418, 448,  428, 1304,  424, 1308,  422, 1310,  420, 446,  450, 444,  420, 1312,  418, 448,  426, 440,  426, 440,  424, 442,  422, 444,  420, 446,  418, 446,  418, 448,  428, 438,  426, 440,  426, 440,  424, 442,  422, 442,  452, 440,  424, 442,  422, 444,  422, 444,  418, 446,  418, 448,  428, 438,  426, 440,  424, 442,  422, 442,  422, 444,  420, 446,  418, 446,  428, 438,  448, 446,  420, 446,  428, 438,  426, 1306,  426, 1306,  422, 444,  420, 446,  418, 448,  428, 438,  426, 440,  424, 9974,  3540, 1714,  428, 438,  426, 1306,  456, 438,  428, 438,  426, 440,  424, 442,  422, 444,  422, 444,  420, 446,  418, 448,  428, 438,  426, 440,  424, 442,  422, 1310,  420, 444,  420, 446,  450, 444,  420, 444,  420, 446,  418, 448,  426, 438,  426, 1306,  424, 1308,  420, 1312,  430, 436,  426, 440,  426, 1306,  422, 444,  420, 446,  418, 446,  428, 438,  426, 440,  446, 446,  428, 438,  426, 440,  424, 440,  424, 442,  422, 444,  422, 444,  418, 446,  418, 448,  426, 440,  424, 440,  424, 1308,  422, 1310,  420, 1286,  454, 440,  446, 448,  428, 1302,  426, 440,  424, 442,  422, 444,  420, 1310,  418, 1314,  428, 440,  424, 442,  422, 444,  420, 444,  420, 446,  418, 448,  428, 438,  426, 438,  446, 448,  428, 1304,  426, 1306,  424, 442,  420, 446,  418, 446,  418, 1314,  426, 1280,  450, 442,  422, 444,  420, 446,  418, 448,  428, 438,  426, 440,  426, 440,  454, 438,  426, 440,  424, 440,  424, 442,  422, 444,  420, 446,  418, 448,  428, 438,  426, 440,  424, 440,  424, 442,  422, 444,  420, 1312,  418, 1288,  452, 1280,  482, 438,  426, 440,  424, 440,  422, 444,  422, 444,  418, 446,  418, 448,  426, 438,  426, 440,  424, 1308,  422, 1310,  418, 1286,  454, 440,  426, 440,  422, 444,  452, 440,  424, 442,  424, 442,  422, 444,  420, 446,  420, 446,  428, 438,  426, 440,  424, 440,  424, 442,  422, 444,  422, 444,  420, 446,  418, 1314,  448, 444,  418, 448,  428, 1304,  424, 442,  424, 442,  422, 444,  420, 1312,  428, 438,  426, 440,  424, 440,  424, 442,  422, 444,  420, 444,  420, 446,  418, 446,  448, 444,  420, 446,  418, 448,  428, 438,  426, 440,  424, 440,  424, 442,  422, 444,  420, 1312,  428, 1276,  452, 1280,  450, 442,  422, 1312,  418, 448,  428, 438,  446, 1286,  454};  // UNKNOWN BF96F758

ON @ 24.5
56189C30
uint16_t rawData[439] = {3512, 1740,  422, 444,  420, 1312,  428, 438,  426, 440,  424, 442,  422, 444,  420, 444,  420, 446,  418, 446,  428, 438,  448, 446,  418, 446,  428, 438,  426, 1306,  424, 442,  422, 444,  422, 446,  418, 446,  418, 448,  428, 438,  426, 440,  424, 1308,  422, 1310,  418, 1314,  426, 440,  446, 448,  426, 1306,  424, 440,  424, 442,  422, 444,  420, 446,  418, 448,  428, 438,  426, 440,  424, 442,  424, 442,  422, 444,  420, 446,  418, 446,  428, 438,  448, 446,  418, 446,  428, 438,  426, 438,  426, 440,  424, 442,  422, 444,  422, 444,  420, 446,  418, 448,  428, 438,  426, 440,  424, 442,  422, 444,  452, 440,  424, 442,  422, 444,  420, 1312,  418, 1314,  426, 440,  424, 440,  424, 442,  422, 444,  420, 446,  418, 9980,  3534, 1720,  420, 444,  420, 1312,  448, 444,  420, 446,  418, 448,  428, 438,  426, 440,  424, 440,  424, 442,  422, 444,  420, 446,  418, 448,  428, 438,  428, 1304,  424, 442,  422, 444,  452, 442,  422, 442,  422, 444,  420, 444,  420, 446,  428, 1304,  424, 1308,  422, 1310,  420, 446,  418, 448,  426, 1306,  424, 442,  422, 444,  420, 444,  420, 446,  418, 448,  448, 444,  420, 446,  418, 446,  428, 438,  426, 440,  424, 440,  424, 442,  422, 444,  420, 1312,  428, 438,  426, 440,  424, 1308,  420, 1312,  418, 1312,  426, 440,  448, 446,  426, 1304,  426, 440,  424, 442,  422, 444,  420, 1312,  428, 1304,  426, 440,  424, 442,  422, 444,  422, 444,  420, 446,  418, 448,  428, 438,  426, 440,  446, 448,  428, 1306,  424, 1308,  422, 444,  420, 446,  418, 446,  428, 1306,  424, 1308,  422, 444,  420, 446,  420, 446,  428, 438,  426, 440,  424, 442,  422, 442,  454, 440,  424, 442,  424, 442,  422, 444,  420, 444,  420, 446,  418, 448,  426, 438,  426, 440,  424, 442,  422, 442,  422, 444,  420, 1312,  428, 1304,  426, 1306,  454, 438,  424, 442,  422, 442,  422, 444,  420, 446,  418, 448,  426, 438,  426, 440,  424, 440,  424, 1308,  420, 1312,  428, 1304,  424, 440,  424, 442,  422, 444,  452, 442,  422, 442,  422, 444,  420, 444,  420, 446,  428, 438,  428, 438,  426, 440,  424, 440,  422, 444,  420, 446,  420, 446,  418, 448,  426, 1306,  424, 442,  454, 438,  426, 1306,  424, 442,  422, 444,  420, 446,  418, 1314,  426, 440,  424, 440,  424, 442,  422, 444,  420, 446,  418, 448,  428, 438,  426, 440,  446, 446,  428, 438,  426, 440,  424, 440,  424, 442,  422, 444,  420, 444,  420, 446,  418, 448,  428, 438,  426, 440,  424, 1308,  422, 1310,  418, 448,  426, 438,  448, 1312,  428};  // UNKNOWN 56189C30

OFF -> 25
57ACF03E
uint16_t rawData[439] = {3508, 1744,  418, 448,  428, 1304,  424, 442,  422, 442,  422, 418,  446, 446,  418, 448,  428, 438,  426, 440,  424, 440,  454, 438,  426, 440,  424, 440,  424, 1310,  420, 446,  418, 448,  428, 438,  426, 440,  424, 442,  424, 442,  422, 444,  420, 1286,  454, 1304,  426, 1306,  422, 444,  452, 440,  424, 1308,  420, 446,  418, 446,  428, 438,  426, 438,  426, 440,  424, 442,  422, 442,  420, 446,  418, 448,  428, 438,  426, 440,  424, 442,  422, 442,  454, 440,  426, 440,  424, 442,  422, 444,  420, 444,  420, 446,  428, 438,  426, 438,  426, 440,  424, 442,  422, 444,  420, 446,  418, 446,  428, 438,  448, 444,  418, 446,  418, 448,  428, 1304,  424, 1308,  422, 444,  420, 446,  418, 448,  428, 438,  426, 438,  424, 9974,  3540, 1714,  426, 438,  426, 1308,  454, 438,  426, 440,  424, 442,  422, 442,  422, 444,  420, 446,  418, 448,  428, 438,  426, 440,  424, 442,  422, 444,  422, 1310,  418, 446,  428, 438,  448, 446,  418, 448,  428, 438,  426, 440,  424, 440,  424, 1308,  420, 1312,  428, 1304,  424, 440,  424, 442,  422, 1310,  420, 446,  428, 438,  426, 438,  426, 440,  424, 442,  454, 438,  426, 440,  424, 442,  422, 444,  420, 446,  418, 446,  428, 438,  426, 440,  424, 440,  424, 446,  418, 444,  420, 1312,  428, 1304,  426, 1306,  422, 444,  452, 440,  424, 442,  424, 1310,  418, 446,  418, 448,  428, 1304,  424, 1308,  422, 444,  420, 444,  418, 448,  428, 438,  426, 440,  426, 440,  422, 442,  422, 444,  452, 442,  424, 1308,  420, 1312,  428, 438,  426, 440,  424, 440,  424, 1308,  420, 1312,  428, 438,  426, 440,  424, 442,  424, 442,  422, 444,  420, 444,  420, 446,  448, 446,  420, 446,  418, 446,  428, 438,  426, 440,  426, 440,  424, 442,  422, 444,  420, 446,  418, 446,  428, 438,  426, 440,  424, 1308,  422, 1310,  420, 1312,  448, 444,  420, 446,  428, 438,  426, 440,  426, 440,  424, 442,  422, 444,  420, 446,  418, 446,  428, 1304,  426, 1306,  424, 1310,  418, 446,  428, 438,  426, 438,  448, 446,  418, 448,  426, 438,  426, 440,  424, 442,  422, 444,  420, 446,  418, 446,  418, 448,  426, 440,  426, 440,  424, 442,  422, 444,  420, 1312,  450, 444,  420, 446,  420, 1312,  428, 438,  426, 440,  424, 440,  424, 1310,  420, 444,  418, 448,  428, 438,  426, 440,  426, 440,  424, 442,  422, 444,  420, 446,  450, 442,  422, 444,  420, 446,  418, 446,  428, 438,  426, 440,  426, 440,  424, 442,  422, 444,  420, 446,  418, 446,  428, 1304,  426, 1306,  422, 444,  420, 444,  452, 1308,  420};  // UNKNOWN 57ACF03E

ON @ 25
B7DF7BCE
uint16_t rawData[439] = {3508, 1744,  428, 438,  424, 1308,  422, 444,  420, 446,  418, 448,  428, 438,  426, 440,  424, 442,  422, 444,  420, 446,  450, 442,  422, 442,  420, 446,  418, 1314,  426, 440,  424, 414,  450, 442,  422, 444,  420, 446,  418, 448,  428, 438,  426, 1306,  422, 1310,  420, 1314,  424, 440,  446, 448,  428, 1304,  424, 442,  422, 444,  420, 446,  418, 446,  428, 438,  426, 440,  424, 442,  422, 444,  422, 444,  420, 446,  430, 436,  426, 412,  452, 440,  454, 438,  426, 440,  424, 442,  422, 444,  420, 444,  420, 446,  418, 448,  428, 438,  426, 440,  424, 442,  422, 444,  420, 446,  418, 448,  426, 440,  446, 446,  418, 448,  428, 438,  426, 1306,  424, 1308,  420, 446,  428, 438,  426, 440,  424, 442,  422, 442,  422, 9976,  3534, 1720,  420, 444,  420, 1312,  448, 444,  420, 446,  428, 438,  426, 440,  424, 442,  422, 442,  422, 444,  420, 446,  418, 448,  428, 438,  426, 440,  424, 1308,  420, 446,  418, 446,  450, 444,  420, 444,  418, 448,  428, 438,  426, 440,  424, 1308,  422, 1312,  418, 1314,  426, 440,  424, 442,  422, 1310,  418, 446,  428, 438,  426, 440,  424, 442,  422, 442,  454, 440,  424, 442,  422, 442,  422, 446,  420, 446,  418, 448,  426, 438,  426, 440,  424, 1308,  420, 446,  418, 448,  428, 1304,  424, 1308,  422, 1312,  428, 438,  448, 444,  418, 448,  428, 1304,  424, 440,  424, 442,  422, 1310,  418, 1314,  424, 440,  424, 442,  422, 442,  420, 446,  420, 446,  428, 438,  426, 440,  424, 442,  454, 440,  426, 1306,  422, 1310,  418, 448,  428, 438,  426, 440,  424, 1308,  422, 1310,  418, 448,  426, 438,  426, 440,  424, 442,  422, 444,  422, 444,  418, 448,  448, 444,  420, 446,  418, 448,  426, 440,  426, 440,  424, 458,  406, 444,  420, 446,  418, 446,  428, 438,  426, 440,  424, 440,  424, 1308,  420, 1312,  426, 1306,  456, 436,  428, 438,  426, 440,  424, 442,  422, 444,  420, 446,  418, 448,  426, 438,  426, 440,  424, 1308,  420, 1312,  428, 1304,  424, 442,  422, 442,  422, 444,  452, 442,  422, 444,  420, 446,  418, 448,  428, 438,  426, 440,  424, 442,  422, 442,  422, 444,  420, 446,  418, 448,  426, 440,  426, 440,  424, 1308,  420, 444,  450, 442,  422, 1310,  418, 448,  428, 438,  426, 440,  424, 1308,  420, 446,  418, 448,  428, 438,  426, 440,  424, 440,  424, 442,  420, 446,  418, 446,  450, 442,  420, 446,  418, 446,  428, 438,  426, 438,  426, 440,  424, 442,  420, 444,  420, 1314,  426, 440,  424, 440,  424, 1308,  420, 1312,  428, 438,  426, 440,  446, 1288,  452};  // UNKNOWN B7DF7BCE

OFF @ 25
57ACF03E
uint16_t rawData[439] = {3510, 1744,  418, 446,  428, 1304,  424, 442,  422, 444,  420, 444,  420, 446,  428, 436,  428, 440,  424, 442,  424, 442,  454, 440,  426, 440,  422, 442,  422, 1310,  428, 438,  426, 440,  424, 442,  424, 442,  422, 444,  420, 446,  418, 448,  426, 1306,  424, 1308,  420, 1312,  428, 438,  446, 446,  418, 1314,  426, 440,  424, 442,  422, 444,  420, 446,  418, 446,  428, 438,  426, 440,  424, 442,  422, 444,  420, 444,  420, 446,  428, 438,  426, 440,  444, 448,  426, 438,  426, 440,  424, 442,  422, 442,  422, 444,  420, 446,  428, 438,  426, 440,  424, 442,  422, 442,  422, 444,  420, 446,  418, 448,  448, 446,  418, 446,  428, 438,  426, 1306,  422, 1308,  420, 446,  418, 448,  426, 438,  426, 440,  424, 442,  422, 9974,  3534, 1720,  420, 446,  418, 1314,  448, 446,  418, 446,  428, 438,  426, 440,  424, 442,  422, 444,  420, 444,  420, 446,  428, 436,  426, 440,  424, 442,  422, 1310,  420, 446,  418, 446,  448, 444,  418, 448,  428, 438,  426, 440,  424, 440,  424, 1310,  418, 1314,  426, 1306,  424, 442,  422, 444,  420, 1314,  426, 438,  426, 440,  424, 442,  422, 444,  420, 446,  450, 442,  422, 444,  420, 446,  418, 448,  426, 440,  424, 442,  424, 442,  422, 444,  420, 446,  418, 448,  426, 440,  426, 1306,  422, 1310,  418, 1314,  426, 440,  446, 448,  426, 440,  424, 1306,  422, 444,  420, 446,  418, 1314,  426, 1306,  422, 444,  420, 446,  418, 448,  428, 438,  426, 440,  424, 442,  424, 442,  420, 446,  450, 442,  422, 1310,  418, 1314,  426, 440,  424, 442,  422, 444,  420, 1312,  428, 1304,  424, 442,  422, 444,  420, 444,  420, 446,  428, 438,  426, 438,  424, 442,  454, 440,  424, 440,  424, 442,  422, 444,  420, 444,  420, 446,  428, 438,  426, 440,  424, 442,  422, 442,  420, 446,  418, 448,  428, 1304,  426, 1306,  422, 1312,  448, 444,  420, 444,  420, 446,  430, 436,  426, 438,  426, 440,  424, 442,  422, 444,  420, 446,  418, 1314,  426, 1306,  422, 1310,  420, 446,  428, 438,  426, 438,  446, 448,  428, 438,  426, 440,  424, 442,  422, 444,  420, 444,  420, 446,  428, 438,  426, 440,  424, 442,  422, 442,  422, 444,  420, 446,  418, 1314,  446, 448,  428, 438,  426, 1306,  424, 444,  420, 444,  420, 446,  420, 1312,  426, 440,  424, 442,  422, 444,  420, 446,  418, 448,  426, 440,  424, 440,  424, 442,  454, 438,  426, 440,  424, 442,  422, 444,  420, 446,  418, 446,  428, 440,  424, 440,  424, 442,  424, 442,  420, 444,  420, 1314,  426, 1306,  422, 442,  422, 444,  452, 1308,  420};  // UNKNOWN 57ACF03E